10 30
1.5 1.5 0.0
4.5 1.5 0.0
5.5 1.5 0.0
4.5 2.5 0.0
5.5 2.5 0.0
7.5 2.5 0.0
1.5 3.5 0.0
1.5 4.5 0.0
8.5 6.5 0.0
1.5 7.5 0.0
-180.0 180.0 0.85 2.63
-90.0 90.0 0.75 1.55
-90.0 90.0 0.77 1.64
-180.0 180.0 1.26 2.16
-90.0 90.0 1.1 2.75
-90.0 90.0 0.95 2.22
0.1 0.3
3.72 5.158 2.637 3.123 1.94 1.603 0.48
9.286 1.147 2.817 4.3 4.55 2.661 1.12
1.039 8.278 1.763 2.013 2.071 3.195 0.51
4.32 6.173 1.228 4.272 5.608 0.739 0.67
3.971 5.166 3.896 9.897 5.762 0.241 0.67
6.489 8.252 2.262 1.015 6.438 2.768 0.56
1.638 7.214 3.323 7.612 6.927 3.372 1.14
9.453 4.011 2.042 4.213 7.734 3.426 1.15
4.41 4.605 3.448 1.953 8.392 2.384 0.51
2.457 5.759 1.791 3.092 5.006 1.513 1.04
8.403 3.24 0.473 3.579 8.036 0.388 1.12
9.992 1.286 1.941 1.809 2.201 2.316 0.64
6.636 5.781 1.816 2.609 2.741 2.183 0.58
5.847 9.66 3.656 6.05 1.389 0.264 0.89
7.103 8.703 0.834 4.672 2.017 1.543 0.79
6.988 6.518 0.3 5.521 7.781 3.364 0.67
3.962 9.002 0.938 1.389 7.384 0.702 0.46
3.449 4.16 1.326 2.56 6.875 2.061 1.09
6.682 6.314 1.108 5.222 6.329 0.93 1.04
6.379 9.651 0.744 3.512 9.995 1.904 0.85
3.492 1.111 2.844 9.854 9.059 1.398 1.14
4.047 3.803 0.177 4.171 5.232 2.046 0.73
5.947 3.647 1.825 6.868 6.845 0.596 1.04
6.301 3.407 0.236 9.34 1.546 3.18 1.18
4.837 7.428 1.564 4.221 4.577 0.665 0.92
8.812 8.972 1.165 9.569 4.365 3.237 1.04
9.383 4.423 1.69 6.466 1.933 0.767 0.56
7.446 1.203 3.593 7.763 2.727 0.962 0.6
6.274 5.058 3.027 3.88 7.387 1.262 1.14
2.31 5.589 2.301 6.468 2.43 2.091 0.89
