10 30
5.5 2.5 0.0
7.5 2.5 0.0
4.5 3.5 0.0
3.5 4.5 0.0
6.5 4.5 0.0
1.5 5.5 0.0
4.5 5.5 0.0
5.5 6.5 0.0
6.5 7.5 0.0
7.5 8.5 0.0
-180.0 180.0 1.31 1.88
-90.0 90.0 1.17 2.14
-90.0 90.0 0.79 2.18
-180.0 180.0 1.12 2.27
-90.0 90.0 0.71 1.73
-90.0 90.0 1.0 2.0
0.1 0.3
4.373 3.198 2.972 8.453 6.647 1.5 0.76
9.517 6.088 2.455 6.93 9.883 0.343 1.14
2.544 5.12 3.895 7.117 2.842 3.563 0.73
5.08 6.732 3.749 2.858 6.799 3.051 0.82
7.727 2.996 2.205 2.233 4.168 0.633 0.49
4.564 4.973 2.344 8.871 4.497 3.237 1.19
8.182 6.875 2.963 9.976 9.958 3.98 1.09
7.338 1.01 3.294 8.948 4.019 2.142 0.45
2.366 6.104 0.596 1.98 4.026 1.117 0.57
2.287 5.863 1.39 6.298 8.271 1.61 0.67
3.607 8.142 2.202 6.407 5.515 3.404 1.13
5.532 4.549 1.117 6.619 1.382 1.027 0.95
6.459 7.498 3.042 7.09 2.352 1.698 1.13
1.973 8.116 0.316 8.167 9.159 1.623 0.53
3.447 5.589 2.264 4.231 4.788 1.705 1.07
4.585 4.777 3.405 3.668 2.492 1.462 1.0
5.251 7.273 0.949 5.672 7.608 1.297 0.5
1.234 8.934 0.511 7.421 6.428 2.037 0.81
3.255 6.564 2.084 6.217 5.284 2.161 0.97
5.57 2.013 0.278 4.451 3.61 3.093 0.89
2.799 7.253 3.676 8.27 3.48 0.527 0.96
9.856 6.503 2.386 9.035 4.672 1.514 1.14
5.332 2.575 2.888 8.234 2.19 1.361 0.49
5.168 3.324 2.111 5.687 3.064 0.178 0.64
3.853 1.55 2.889 7.939 2.085 3.056 0.75
7.208 8.727 1.077 7.204 8.079 3.312 0.5
1.771 2.579 3.621 5.816 6.031 1.066 1.0
8.059 9.985 3.062 1.441 1.654 1.24 0.87
6.678 6.269 2.984 1.129 9.202 2.818 1.15
8.95 5.842 3.248 6.857 7.784 3.619 0.91
