10 30
2.5 1.5 0.0
2.5 2.5 0.0
8.5 2.5 0.0
6.5 3.5 0.0
8.5 4.5 0.0
1.5 5.5 0.0
2.5 5.5 0.0
8.5 5.5 0.0
4.5 6.5 0.0
4.5 8.5 0.0
-180.0 180.0 1.11 2.37
-90.0 90.0 1.44 2.35
-90.0 90.0 1.34 2.23
-180.0 180.0 1.0 2.75
-90.0 90.0 1.01 1.71
-90.0 90.0 0.77 2.45
0.1 0.3
5.224 9.311 3.653 5.818 8.5 2.481 0.79
8.864 9.588 0.74 8.273 3.796 2.214 0.68
4.759 5.069 3.51 1.025 2.07 0.34 1.13
9.708 7.321 0.183 8.422 9.013 3.449 1.14
1.329 6.233 3.192 5.658 5.053 3.485 0.54
8.553 1.506 1.736 3.592 5.687 3.049 0.82
7.35 6.334 2.356 4.826 2.686 1.409 1.13
2.36 5.744 1.584 7.561 7.93 0.467 1.07
6.484 2.021 0.55 4.909 7.316 1.805 0.97
5.544 6.438 3.447 6.41 7.462 0.643 0.4
3.975 4.447 1.922 3.95 6.427 2.579 0.44
5.642 1.302 2.268 8.565 2.822 0.987 0.94
1.299 6.609 1.714 8.121 6.793 2.202 1.15
7.848 5.653 0.44 9.951 5.725 2.989 0.4
2.842 8.348 2.141 2.166 1.743 2.164 0.63
1.421 3.59 0.755 7.016 7.421 3.625 1.11
6.056 2.999 1.955 7.523 9.162 1.139 0.92
8.176 9.504 0.231 2.465 1.098 1.79 0.65
3.228 2.001 1.544 6.085 9.941 2.266 0.56
8.996 8.098 1.843 9.888 9.151 2.784 1.0
7.139 6.517 2.523 7.694 8.335 3.706 1.14
1.883 7.032 3.132 2.559 3.481 3.325 0.82
5.297 2.223 1.733 1.016 2.963 1.566 1.05
6.6 6.608 2.506 2.02 7.365 1.149 1.08
7.102 4.273 0.357 8.967 3.897 2.775 0.86
1.612 7.888 2.124 7.58 5.565 2.435 0.7
7.472 3.456 1.621 3.25 1.42 2.592 1.11
3.37 2.958 3.5 4.022 6.624 2.869 1.03
2.078 6.666 1.789 4.738 9.339 1.825 1.18
4.487 5.715 2.504 5.773 6.824 3.371 0.91
