4 30
1.5 1.5 0.0
8.5 1.5 0.0
1.5 8.5 0.0
8.5 8.5 0.0
-180.0 180.0 1.28 2.42
-90.0 90.0 1.34 2.77
-90.0 90.0 0.76 2.39
-180.0 180.0 0.84 1.76
-90.0 90.0 0.84 1.79
-90.0 90.0 1.14 2.06
0.1 0.3
8.702 1.842 1.433 3.001 6.446 3.004 0.7
5.659 1.815 2.599 9.208 6.002 3.936 1.19
7.45 6.592 0.315 2.297 1.635 0.173 0.98
6.259 6.965 2.095 3.102 3.676 3.077 0.6
5.132 4.313 3.039 7.767 3.629 2.219 0.91
3.326 7.178 3.131 8.404 8.399 2.99 0.55
4.177 7.133 1.536 6.984 5.175 3.406 1.06
4.454 3.251 2.54 8.978 2.73 0.914 0.43
3.569 8.338 2.847 3.519 7.78 0.603 1.1
8.323 6.409 0.623 8.728 4.792 1.269 0.61
5.785 7.85 0.25 1.181 9.693 1.705 0.97
3.331 6.631 2.115 6.576 1.569 2.012 1.08
2.201 2.341 3.211 5.617 8.382 0.768 0.44
8.186 4.381 0.22 6.795 2.238 3.188 1.07
9.163 9.836 2.801 1.591 9.27 2.798 0.44
4.329 8.817 2.113 8.468 2.446 3.088 1.17
1.118 7.224 2.287 1.046 2.585 0.879 0.93
3.27 8.687 1.111 3.863 7.784 3.371 1.02
8.137 5.299 3.533 7.369 8.574 1.731 1.16
5.446 6.82 1.376 3.424 2.477 2.565 1.0
7.537 9.778 1.505 2.541 2.035 0.893 0.71
1.956 3.918 3.931 3.054 6.487 0.92 0.58
7.434 7.482 1.933 3.549 9.302 3.258 0.68
1.542 7.704 3.11 9.153 2.722 3.639 1.04
9.746 6.1 1.492 1.444 3.726 3.77 0.49
8.088 2.753 0.619 7.988 7.641 1.791 0.9
2.612 5.793 0.749 7.282 9.499 0.523 1.15
4.539 5.778 1.885 5.523 5.529 0.622 0.62
1.991 9.683 0.169 5.396 2.668 3.933 0.57
1.59 6.113 2.154 8.465 1.591 0.983 0.45
